filepath:dataSet/tsp/eil51.tsp

0
average ea3:
41 13 5 0 43 45 38 29 31 7 17 15 9 22 20 16 47 44 14 48 12 37 19 42 23 10 36 21 30 50 34 32 8 25 27 26 6 40 2 49 35 39 33 4 1 28 24 46 3 18 11
41 13 5 0 43 45 38 29 31 7 17 15 9 22 20 16 47 44 14 48 12 37 19 42 23 10 36 21 30 50 34 32 8 25 27 26 6 40 2 49 35 39 33 4 1 28 24 46 3 18 11
41 13 5 0 43 45 38 29 31 7 17 15 9 22 20 16 47 44 14 48 12 37 19 42 23 10 36 21 30 50 34 32 8 25 27 26 6 40 2 49 35 39 33 4 1 28 24 46 3 18 11
41 13 5 0 43 45 38 29 31 7 17 15 9 22 20 16 47 44 14 48 12 37 19 42 23 10 36 21 30 50 34 32 8 25 27 26 6 40 2 49 35 39 33 4 1 28 24 46 3 18 11
41 13 5 0 43 45 38 29 31 7 17 15 9 22 20 16 47 44 14 48 12 37 19 42 23 10 36 21 30 50 34 32 8 25 27 26 6 40 2 49 35 39 33 4 1 28 24 46 3 18 11
41 13 5 0 43 45 38 29 31 7 17 15 9 22 20 16 47 44 14 48 12 37 19 42 23 10 36 21 30 50 34 32 8 25 27 26 6 40 2 49 35 39 33 4 1 28 24 46 3 18 11
41 13 5 0 43 45 38 29 31 7 17 15 9 22 20 16 47 44 14 48 12 37 19 42 23 10 36 21 30 50 34 32 8 25 27 26 6 40 2 49 35 39 33 4 1 28 24 46 3 18 11
41 13 5 0 43 45 38 29 31 7 17 15 9 22 20 16 47 44 14 48 12 37 19 42 23 10 36 21 30 50 34 32 8 25 27 26 6 40 2 49 35 39 33 4 1 28 24 46 3 18 11
41 13 5 0 43 45 38 29 31 7 17 15 9 22 20 16 47 44 14 48 12 37 19 42 23 10 36 21 30 50 34 32 8 25 27 26 6 40 2 49 35 39 33 4 1 28 24 46 3 18 11
41 13 5 0 43 45 38 29 31 7 17 15 9 22 20 16 47 44 14 48 12 37 19 42 23 10 36 21 30 50 34 32 8 25 27 26 6 40 2 49 35 39 33 4 1 28 24 46 3 18 11
41 13 5 0 43 45 38 29 31 7 17 15 9 22 20 16 47 44 14 48 12 37 19 42 23 10 36 21 30 50 34 32 8 25 27 26 6 40 2 49 35 39 33 4 1 28 24 46 3 18 11
41 13 5 0 43 45 38 29 31 7 17 15 9 22 20 16 47 44 14 48 12 37 19 42 23 10 36 21 30 50 34 32 8 25 27 26 6 40 2 49 35 39 33 4 1 28 24 46 3 18 11
41 13 5 0 43 45 38 29 31 7 17 15 9 22 20 16 47 44 14 48 12 37 19 42 23 10 36 21 30 50 34 32 8 25 27 26 6 40 2 49 35 39 33 4 1 28 24 46 3 18 11
41 13 5 0 43 45 38 29 31 7 17 15 9 22 20 16 47 44 14 48 12 37 19 42 23 10 36 21 30 50 34 32 8 25 27 26 6 40 2 49 35 39 33 4 1 28 24 46 3 18 11
41 13 5 0 43 45 38 29 31 7 17 15 9 22 20 16 47 44 14 48 12 37 19 42 23 10 36 21 30 50 34 32 8 25 27 26 6 40 2 49 35 39 33 4 1 28 24 46 3 18 11
41 13 5 0 43 45 38 29 31 7 17 15 9 22 20 16 47 44 14 48 12 37 19 42 23 10 36 21 30 50 34 32 8 25 27 26 6 40 2 49 35 39 33 4 1 28 24 46 3 18 11
***********************************************
1
average ea3:
42 13 20 30 23 22 11 8 45 12 44 41 49 17 7 6 19 25 32 15 5 16 2 35 4 24 3 14 47 48 28 0 37 34 21 27 38 1 29 33 9 46 10 18 43 40 39 50 31 36 26
42 13 20 30 23 22 11 8 45 12 44 41 49 17 7 6 19 25 32 15 5 16 2 35 4 24 3 14 47 48 28 0 37 34 21 27 38 1 29 33 9 46 10 18 43 40 39 50 31 36 26
42 13 20 30 23 22 11 8 45 12 44 41 49 17 7 6 19 25 32 15 5 16 2 35 4 24 3 14 47 48 28 0 37 34 21 27 38 1 29 33 9 46 10 18 43 40 39 50 31 36 26
42 13 20 30 23 22 11 8 45 12 44 41 49 17 7 6 19 25 32 15 5 16 2 35 4 24 3 14 47 48 28 0 37 34 21 27 38 1 29 33 9 46 10 18 43 40 39 50 31 36 26
42 13 20 30 23 22 11 8 45 12 44 41 49 17 7 6 19 25 32 15 5 16 2 35 4 24 3 14 47 48 28 0 37 34 21 27 38 1 29 33 9 46 10 18 43 40 39 50 31 36 26
42 13 20 30 15 17 5 12 19 48 11 35 29 2 14 23 7 49 21 25 18 38 33 37 41 47 0 39 22 31 4 45 28 43 8 1 16 27 44 36 34 24 6 3 32 9 46 10 40 50 26
42 13 20 30 15 17 5 12 19 48 11 35 29 2 14 23 7 49 21 25 18 38 33 37 41 47 0 39 22 31 4 45 28 43 8 1 16 27 44 36 34 24 6 3 32 9 46 10 40 50 26
42 13 20 30 15 17 5 12 19 48 11 35 29 2 14 23 7 49 21 25 18 38 33 37 41 47 0 39 22 31 4 45 28 43 8 1 16 27 44 36 34 24 6 3 32 9 46 10 40 50 26
42 13 20 30 15 17 5 12 19 48 11 35 29 2 14 23 7 49 21 25 18 38 33 37 41 47 0 39 22 31 4 45 28 43 8 1 16 27 44 36 34 24 6 3 32 9 46 10 40 50 26
42 13 20 30 15 17 5 12 19 48 11 35 29 2 14 23 7 49 21 25 18 38 33 37 41 47 0 39 22 31 4 45 28 43 8 1 16 27 44 36 34 24 6 3 32 9 46 10 40 50 26
42 13 20 30 15 17 5 12 19 48 11 35 29 2 14 23 7 49 21 25 18 38 33 37 41 47 0 39 22 31 4 45 28 43 8 1 16 27 44 36 34 24 6 3 32 9 46 10 40 50 26
42 13 20 30 15 17 5 12 19 48 11 35 29 2 14 23 7 49 21 25 18 38 33 37 41 47 0 39 22 31 4 45 28 43 8 1 16 27 44 36 34 24 6 3 32 9 46 10 40 50 26
42 13 20 30 15 17 5 12 19 48 11 35 29 2 14 23 7 49 21 25 18 38 33 37 41 47 0 39 22 31 4 45 28 43 8 1 16 27 44 36 34 24 6 3 32 9 46 10 40 50 26
42 13 20 30 15 17 5 12 19 48 11 35 29 2 14 23 7 49 21 25 18 38 33 37 41 47 0 39 22 31 4 45 28 43 8 1 16 27 44 36 34 24 6 3 32 9 46 10 40 50 26
42 13 20 30 15 17 5 12 19 48 11 35 29 2 14 23 7 49 21 25 18 38 33 37 41 47 0 39 22 31 4 45 28 43 8 1 16 27 44 36 34 24 6 3 32 9 46 10 40 50 26
42 13 20 30 15 17 5 12 19 48 11 35 29 2 14 23 7 49 21 25 18 38 33 37 41 47 0 39 22 31 4 45 28 43 8 1 16 27 44 36 34 24 6 3 32 9 46 10 40 50 26
***********************************************
2
average ea3:
13 40 19 17 3 1 11 22 23 9 45 8 43 48 39 2 50 49 33 46 7 35 42 10 24 26 15 14 4 47 36 0 6 41 34 21 29 18 25 12 5 37 28 32 27 20 38 31 16 30 44
13 40 19 17 3 1 11 22 23 9 45 8 43 48 39 2 50 49 33 46 7 35 42 10 24 26 15 14 4 47 36 0 6 41 34 21 29 18 25 12 5 37 28 32 27 20 38 31 16 30 44
13 40 19 17 3 1 11 22 23 9 45 8 43 48 39 2 50 49 33 46 7 35 42 10 24 26 15 14 4 47 36 0 6 41 34 21 29 18 25 12 5 37 28 32 27 20 38 31 16 30 44
13 40 19 17 3 1 11 22 23 9 45 8 43 48 39 2 50 49 33 46 7 35 42 10 24 26 15 14 4 47 36 0 6 41 34 21 29 18 25 12 5 37 28 32 27 20 38 31 16 30 44
13 40 19 17 3 1 11 22 23 9 45 8 43 48 39 2 50 49 33 46 7 35 42 10 24 26 15 14 4 47 36 0 6 41 34 21 29 18 25 12 5 37 28 32 27 20 38 31 16 30 44
13 40 19 17 3 1 11 22 23 9 45 8 43 48 39 2 50 49 33 46 7 35 42 10 24 26 15 14 4 47 36 0 6 41 34 21 29 18 25 12 5 37 28 32 27 20 38 31 16 30 44
13 40 19 17 3 1 11 22 23 9 45 8 43 48 39 2 50 49 33 46 7 35 42 10 24 26 15 14 4 47 36 0 6 41 34 21 29 18 25 12 5 37 28 32 27 20 38 31 16 30 44
13 40 19 17 3 1 11 22 23 9 45 8 43 48 39 2 50 49 33 46 7 35 42 10 24 26 15 14 4 47 36 0 6 41 34 21 29 18 25 12 5 37 28 32 27 20 38 31 16 30 44
13 40 19 17 3 1 11 22 23 9 45 8 43 48 39 2 50 49 33 46 7 35 42 10 24 26 15 14 4 47 36 0 6 41 34 21 29 18 25 12 5 37 28 32 27 20 38 31 16 30 44
13 40 19 17 3 1 11 22 23 9 45 8 43 48 39 2 50 49 33 46 7 35 42 10 24 26 15 14 4 47 36 0 6 41 34 21 29 18 25 12 5 37 28 32 27 20 38 31 16 30 44
13 40 19 17 3 1 11 22 23 9 45 8 43 48 39 2 50 49 33 46 7 35 42 10 24 26 15 14 4 47 36 0 6 41 34 21 29 18 25 12 5 37 28 32 27 20 38 31 16 30 44
13 40 19 17 3 1 11 22 23 9 45 8 43 48 39 2 50 49 33 46 7 35 42 10 24 26 15 14 4 47 36 0 6 41 34 21 29 18 25 12 5 37 28 32 27 20 38 31 16 30 44
13 40 19 17 3 1 11 22 23 9 45 8 43 48 39 2 50 49 33 46 7 35 42 10 24 26 15 14 4 47 36 0 6 41 34 21 29 18 25 12 5 37 28 32 27 20 38 31 16 30 44
13 40 19 17 3 1 11 22 23 9 45 8 43 48 39 2 50 49 33 46 7 35 42 10 24 26 15 14 4 47 36 0 6 41 34 21 29 18 25 12 5 37 28 32 27 20 38 31 16 30 44
13 40 19 17 3 1 11 22 23 9 45 8 43 48 39 2 50 49 33 46 7 35 42 10 24 26 15 14 4 47 36 0 6 41 34 21 29 18 25 12 5 37 28 32 27 20 38 31 16 30 44
13 40 19 17 3 1 11 22 23 9 45 8 43 48 39 2 50 49 33 46 7 35 42 10 24 26 15 14 4 47 36 0 6 41 34 21 29 18 25 12 5 37 28 32 27 20 38 31 16 30 44
***********************************************
3
average ea3:
25 43 22 40 41 37 9 21 3 50 34 42 39 49 46 13 15 12 14 48 28 38 24 16 44 17 11 27 6 30 10 36 31 18 1 32 20 35 7 23 26 29 8 19 5 47 0 45 4 33 2
25 43 22 40 41 37 9 21 3 50 34 42 39 49 46 13 15 12 14 48 28 38 24 16 44 17 11 27 6 30 10 36 31 18 1 32 20 35 7 23 26 29 8 19 5 47 0 45 4 33 2
25 43 22 40 41 37 9 21 3 50 34 42 39 49 46 13 15 12 14 48 28 38 24 16 44 17 11 27 6 30 10 36 31 18 1 32 20 35 7 23 26 29 8 19 5 47 0 45 4 33 2
25 43 22 40 41 37 9 21 3 50 34 42 39 49 46 13 15 12 14 48 28 38 24 16 44 17 11 27 6 30 10 36 31 18 1 32 20 35 7 23 26 29 8 19 5 47 0 45 4 33 2
25 43 22 40 41 37 9 21 3 50 34 42 39 49 46 13 15 12 14 48 28 38 24 16 44 17 11 27 6 30 10 36 31 18 1 32 20 35 7 23 26 29 8 19 5 47 0 45 4 33 2
25 43 22 40 41 37 9 21 3 50 34 42 39 49 46 13 15 12 14 48 28 38 24 16 44 17 11 27 6 30 10 36 31 18 1 32 20 35 7 23 26 29 8 19 5 47 0 45 4 33 2
25 43 22 40 41 37 9 21 3 50 34 42 39 49 46 13 15 12 14 48 28 38 24 16 44 17 11 27 6 30 10 36 31 18 1 32 20 35 7 23 26 29 8 19 5 47 0 45 4 33 2
25 43 22 40 41 37 9 21 3 50 34 42 39 49 46 13 15 12 14 48 28 38 24 16 44 17 11 27 6 30 10 36 31 18 1 32 20 35 7 23 26 29 8 19 5 47 0 45 4 33 2
25 43 22 40 41 37 9 21 3 50 34 42 39 49 46 13 15 12 14 48 28 38 24 16 44 17 11 27 6 30 10 36 31 18 1 32 20 35 7 23 26 29 8 19 5 47 0 45 4 33 2
25 43 22 40 41 37 9 21 3 50 34 42 39 49 46 13 15 12 14 48 28 38 24 16 44 17 11 27 6 30 10 36 31 18 1 32 20 35 7 23 26 29 8 19 5 47 0 45 4 33 2
25 43 22 40 41 37 9 21 3 50 34 42 39 49 46 13 15 12 14 48 28 38 24 16 44 17 11 27 6 30 10 36 31 18 1 32 20 35 7 23 26 29 8 19 5 47 0 45 4 33 2
25 43 22 40 41 37 9 21 3 50 34 42 39 49 46 13 15 12 14 48 28 38 24 16 44 17 11 27 6 30 10 36 31 18 1 32 20 35 7 23 26 29 8 19 5 47 0 45 4 33 2
25 43 22 40 41 37 9 21 3 50 34 42 39 49 46 13 15 12 14 48 28 38 24 16 44 17 11 27 6 30 10 36 31 18 1 32 20 35 7 23 26 29 8 19 5 47 0 45 4 33 2
25 43 22 40 41 37 9 21 3 50 34 42 39 49 46 13 15 12 14 48 28 38 24 16 44 17 11 27 6 30 10 36 31 18 1 32 20 35 7 23 26 29 8 19 5 47 0 45 4 33 2
25 43 22 40 41 37 9 21 3 50 34 42 39 49 46 13 15 12 14 48 28 38 24 16 44 17 11 27 6 30 10 36 31 18 1 32 20 35 7 23 26 29 8 19 5 47 0 45 4 33 2
25 43 22 40 41 37 9 21 3 50 34 42 39 49 46 13 15 12 14 48 28 38 24 16 44 17 11 27 6 30 10 36 31 18 1 32 20 35 7 23 26 29 8 19 5 47 0 45 4 33 2
***********************************************
4
average ea3:
46 7 3 6 43 19 30 34 23 21 36 20 1 35 16 32 22 47 37 33 10 2 0 38 40 48 45 26 29 41 9 13 15 50 49 44 28 17 31 27 14 42 11 18 24 8 25 4 12 5 39
46 7 3 6 43 19 30 34 23 21 36 20 1 35 16 32 22 47 37 33 10 2 0 38 40 48 45 26 29 41 9 13 15 50 49 44 28 17 31 27 14 42 11 18 24 8 25 4 12 5 39
46 7 3 6 43 19 30 34 23 21 36 20 1 35 16 32 22 47 37 33 10 2 0 38 40 48 45 26 29 41 9 13 15 50 49 44 28 17 31 27 14 42 11 18 24 8 25 4 12 5 39
46 7 3 6 43 19 30 34 23 21 36 20 1 35 16 32 22 47 37 33 10 2 0 38 40 48 45 26 29 41 9 13 15 50 49 44 28 17 31 27 14 42 11 18 24 8 25 4 12 5 39
46 7 3 6 43 19 30 34 23 21 36 20 1 35 16 32 22 47 37 33 10 2 0 38 40 48 45 26 29 41 9 13 15 50 49 44 28 17 31 27 14 42 11 18 24 8 25 4 12 5 39
46 7 3 6 43 19 30 34 23 21 36 20 1 35 16 32 22 47 37 33 10 4 0 41 50 9 26 2 49 15 38 45 48 29 12 44 40 13 28 17 31 27 14 42 11 18 24 8 25 5 39
46 7 3 6 43 19 30 34 23 21 36 20 1 35 16 32 22 47 37 33 10 4 0 41 50 9 26 2 49 15 38 45 48 29 12 44 40 13 28 17 31 27 14 42 11 18 24 8 25 5 39
46 7 3 6 43 19 30 34 23 21 36 20 1 35 16 32 22 47 37 33 10 4 0 41 50 9 26 2 49 15 38 45 48 29 12 44 40 13 28 17 31 27 14 42 11 18 24 8 25 5 39
46 7 3 6 43 19 30 34 23 21 36 20 1 35 16 32 22 47 37 33 10 4 0 41 50 9 26 2 49 15 38 45 48 29 12 44 40 13 28 17 31 27 14 42 11 18 24 8 25 5 39
46 7 3 6 43 19 30 34 23 21 36 20 1 35 16 32 22 47 37 33 10 4 0 41 50 9 26 2 49 15 38 45 48 29 12 44 40 13 28 17 31 27 14 42 11 18 24 8 25 5 39
46 7 3 6 43 19 30 34 23 21 36 20 1 35 16 32 22 47 37 33 10 4 0 41 50 9 26 2 49 15 38 45 48 29 12 44 40 13 28 17 31 27 14 42 11 18 24 8 25 5 39
46 7 3 6 43 19 30 34 23 21 36 20 1 35 16 32 22 47 37 33 10 4 0 41 50 9 26 2 49 15 38 45 48 29 12 44 40 13 28 17 31 27 14 42 11 18 24 8 25 5 39
46 7 3 6 43 19 30 34 23 21 36 20 1 35 16 32 22 47 37 33 10 4 0 41 50 9 26 2 49 15 38 45 48 29 12 44 40 13 28 17 31 27 14 42 11 18 24 8 25 5 39
46 7 3 6 43 19 30 34 23 21 36 20 1 35 16 32 22 47 37 33 10 4 0 41 50 9 26 2 49 15 38 45 48 29 12 44 40 13 28 17 31 27 14 42 11 18 24 8 25 5 39
46 7 3 6 43 19 30 34 23 21 36 20 1 35 16 32 22 47 37 33 10 4 0 41 50 9 26 2 49 15 38 45 48 29 12 44 40 13 28 17 31 27 14 42 11 18 24 8 25 5 39
46 7 3 6 43 19 30 34 23 21 36 20 1 35 16 32 22 47 37 33 10 4 0 41 50 9 26 2 49 15 38 45 48 29 12 44 40 13 28 17 31 27 14 42 11 18 24 8 25 5 39
***********************************************
5
average ea3:
17 26 36 35 47 40 13 4 15 41 22 30 21 29 39 45 23 3 38 12 37 7 42 44 2 31 28 9 18 43 49 25 0 32 34 19 50 11 20 10 33 48 24 1 16 6 5 14 8 46 27
17 26 36 35 47 40 13 4 15 41 22 30 21 29 39 45 23 3 38 12 37 7 42 44 2 31 28 9 18 43 49 25 0 32 34 19 50 11 20 10 33 48 24 1 16 6 5 14 8 46 27
17 26 36 35 47 40 13 4 15 41 22 30 21 29 39 45 23 3 38 12 37 7 42 44 2 31 28 9 18 43 49 25 0 32 34 19 50 11 20 10 33 48 24 1 16 6 5 14 8 46 27
17 26 36 35 47 40 13 4 15 41 22 30 21 29 39 45 23 3 38 12 37 7 42 44 2 31 28 9 18 43 49 25 0 32 34 19 50 11 20 10 33 48 24 1 16 6 5 14 8 46 27
17 26 36 35 47 40 13 4 15 41 22 30 21 29 39 45 23 3 38 12 37 7 42 44 2 31 28 9 18 43 49 25 0 32 34 19 50 11 20 10 33 48 24 1 16 6 5 14 8 46 27
17 26 36 35 47 40 13 4 15 41 22 30 21 29 39 45 23 3 38 12 37 7 42 44 2 31 28 9 18 43 49 25 0 32 34 19 50 11 20 10 33 48 24 1 16 6 5 14 8 46 27
17 26 36 35 47 40 13 4 15 41 22 30 21 29 39 45 23 3 38 12 37 7 42 44 2 31 28 9 18 43 49 25 0 32 34 19 50 11 20 10 33 48 24 1 16 6 5 14 8 46 27
17 26 36 35 47 40 13 4 15 41 22 30 21 29 39 45 23 3 38 12 37 7 42 44 2 31 28 9 18 43 49 25 0 32 34 19 50 11 20 10 33 48 24 1 16 6 5 14 8 46 27
17 26 36 35 47 40 13 4 15 41 22 30 21 29 39 45 23 3 38 12 37 7 42 44 2 31 28 9 18 43 49 25 0 32 34 19 50 11 20 10 33 48 24 1 16 6 5 14 8 46 27
17 26 36 35 47 40 13 4 15 41 22 30 21 29 39 45 23 3 38 12 37 7 42 44 2 31 28 9 18 43 49 25 0 32 34 19 50 11 20 10 33 48 24 1 16 6 5 14 8 46 27
17 26 36 35 47 40 13 4 15 41 22 30 21 29 39 45 23 3 38 12 37 7 42 44 2 31 28 9 18 43 49 25 0 32 34 19 50 11 20 10 33 48 24 1 16 6 5 14 8 46 27
17 26 36 35 47 40 13 4 15 41 22 30 21 29 39 45 23 3 38 12 37 7 42 44 2 31 28 9 18 43 49 25 0 32 34 19 50 11 20 10 33 48 24 1 16 6 5 14 8 46 27
17 26 36 35 47 40 13 4 15 41 22 30 21 29 39 45 23 3 38 12 37 7 42 44 2 31 28 9 18 43 49 25 0 32 34 19 50 11 20 10 33 48 24 1 16 6 5 14 8 46 27
17 26 36 35 47 40 13 4 15 41 22 30 21 29 39 45 23 3 38 12 37 7 42 44 2 31 28 9 18 43 49 25 0 32 34 19 50 11 20 10 33 48 24 1 16 6 5 14 8 46 27
17 26 36 35 47 40 13 4 15 41 22 30 21 29 39 45 23 3 38 12 37 7 42 44 2 31 28 9 18 43 49 25 0 32 34 19 50 11 20 10 33 48 24 1 16 6 5 14 8 46 27
17 26 36 35 47 40 13 4 15 41 22 30 21 29 39 45 23 3 38 12 37 7 42 44 2 31 28 9 18 43 49 25 0 32 34 19 50 11 20 10 33 48 24 1 16 6 5 14 8 46 27
***********************************************
6
average ea3:
18 32 49 33 44 2 8 7 31 36 29 19 16 25 20 9 39 14 3 41 0 12 4 22 13 5 15 40 6 23 1 43 26 42 27 24 34 10 46 37 11 47 17 50 28 48 35 21 45 30 38
18 32 49 33 44 2 8 7 31 36 29 19 16 25 20 9 39 14 3 41 0 12 4 22 13 5 15 40 6 23 1 43 26 42 27 24 34 10 46 37 11 47 17 50 28 48 35 21 45 30 38
18 32 49 33 44 2 8 7 31 36 29 19 16 25 20 9 39 14 3 41 0 12 4 22 13 5 15 40 6 23 1 43 26 42 27 24 34 10 46 37 11 47 17 50 28 48 35 21 45 30 38
18 32 49 33 44 2 8 7 31 36 29 19 16 25 20 9 39 14 3 41 0 12 4 22 13 5 15 40 6 23 1 43 26 42 27 24 34 10 46 37 11 47 17 50 28 48 35 21 45 30 38
18 32 49 33 44 2 8 7 31 36 29 19 16 25 20 9 39 14 3 41 0 12 4 22 13 5 15 40 6 23 1 43 26 42 27 24 34 10 46 37 11 47 17 50 28 48 35 21 45 30 38
18 32 49 33 44 2 37 7 9 14 40 10 43 5 22 8 11 1 0 27 20 6 13 15 41 23 4 39 16 12 31 24 25 34 19 42 46 26 36 17 29 47 50 28 48 35 21 45 30 38 3
18 32 49 33 44 2 37 7 9 14 40 10 43 5 22 8 11 1 0 27 20 6 13 15 41 23 4 39 16 12 31 24 25 34 19 42 46 26 36 17 29 47 50 28 48 35 21 45 30 38 3
18 32 49 33 44 2 37 7 9 14 40 10 43 5 22 8 11 1 0 27 20 6 13 15 41 23 4 39 16 12 31 24 25 34 19 42 46 26 36 17 29 47 50 28 48 35 21 45 30 38 3
18 32 49 33 44 2 37 7 9 14 40 10 43 5 22 8 11 1 0 27 20 6 13 15 41 23 4 39 16 12 31 24 25 34 19 42 46 26 36 17 29 47 50 28 48 35 21 45 30 38 3
18 32 49 33 44 2 37 7 9 14 40 10 43 5 22 8 11 1 0 27 20 6 13 15 41 23 4 39 16 12 31 24 25 34 19 42 46 26 36 17 29 47 50 28 48 35 21 45 30 38 3
18 32 49 33 44 2 37 7 9 14 40 10 43 5 22 8 11 1 0 27 20 6 13 15 41 23 4 39 16 12 31 24 25 34 19 42 46 26 36 17 29 47 50 28 48 35 21 45 30 38 3
18 32 49 33 44 2 37 7 9 14 40 10 43 5 22 8 11 1 0 27 20 6 13 15 41 23 4 39 16 12 31 24 25 34 19 42 46 26 36 17 29 47 50 28 48 35 21 45 30 38 3
18 32 49 33 44 2 37 7 9 14 40 10 43 5 22 8 11 1 0 27 20 6 13 15 41 23 4 39 16 12 31 24 25 34 19 42 46 26 36 17 29 47 50 28 48 35 21 45 30 38 3
18 32 49 33 44 2 37 7 9 14 40 10 43 5 22 8 11 1 0 27 20 6 13 15 41 23 4 39 16 12 31 24 25 34 19 42 46 26 36 17 29 47 50 28 48 35 21 45 30 38 3
18 32 49 33 44 2 37 7 9 14 40 10 43 5 22 8 11 1 0 27 20 6 13 15 41 23 4 39 16 12 31 24 25 34 19 42 46 26 36 17 29 47 50 28 48 35 21 45 30 38 3
18 32 49 33 44 2 37 7 9 14 40 10 43 5 22 8 11 1 0 27 20 6 13 15 41 23 4 39 16 12 31 24 25 34 19 42 46 26 36 17 29 47 50 28 48 35 21 45 30 38 3
***********************************************
7
average ea3:
49 20 3 19 15 42 14 35 18 17 37 4 11 16 45 29 7 1 43 25 8 6 23 30 47 24 21 2 33 38 27 48 28 10 44 41 39 12 40 13 5 32 46 9 50 34 31 36 22 0 26
49 20 3 19 15 42 14 35 18 17 37 4 11 16 45 29 7 1 43 25 8 6 23 30 47 24 21 2 33 38 27 48 28 10 44 41 39 12 40 13 5 32 46 9 50 34 31 36 22 0 26
49 20 3 19 15 42 14 35 18 17 37 4 11 16 45 29 7 1 43 25 8 6 23 30 47 24 21 2 33 38 27 48 28 10 44 41 39 12 40 13 5 32 46 9 50 34 31 36 22 0 26
49 20 3 19 15 42 14 35 18 17 37 4 11 16 45 29 7 1 43 25 8 6 23 30 47 24 21 2 33 38 27 48 28 10 44 41 39 12 40 13 5 32 46 9 50 34 31 36 22 0 26
49 20 3 19 15 42 14 35 18 17 37 4 11 16 45 29 7 1 43 25 8 6 23 30 47 24 21 2 33 38 27 48 28 10 44 41 39 12 40 13 5 32 46 9 50 34 31 36 22 0 26
49 20 3 19 15 42 14 35 18 17 37 4 11 16 45 29 7 1 43 25 8 6 23 30 47 24 21 2 33 38 27 48 28 10 44 41 39 12 40 13 5 32 46 9 50 34 31 36 22 0 26
49 20 3 19 15 42 14 35 18 17 37 4 11 16 45 29 7 1 43 25 8 6 23 30 47 24 21 2 33 38 27 48 28 10 44 41 39 12 40 13 5 32 46 9 50 34 31 36 22 0 26
49 20 3 19 15 42 14 35 18 17 37 4 11 16 45 29 7 1 43 25 8 6 23 30 47 24 21 2 33 38 27 48 28 10 44 41 39 12 40 13 5 32 46 9 50 34 31 36 22 0 26
49 20 3 19 15 42 14 35 18 17 37 4 11 16 45 29 7 1 43 25 8 6 23 30 47 24 21 2 33 38 27 48 28 10 44 41 39 12 40 13 5 32 46 9 50 34 31 36 22 0 26
49 20 3 19 15 42 14 35 18 17 37 4 11 16 45 29 7 1 43 25 8 6 23 30 47 24 21 2 33 38 27 48 28 10 44 41 39 12 40 13 5 32 46 9 50 34 31 36 22 0 26
49 20 3 19 15 42 14 35 18 17 37 4 11 16 45 29 7 1 43 25 8 6 23 30 47 24 21 2 33 38 27 48 28 10 44 41 39 12 40 13 5 32 46 9 50 34 31 36 22 0 26
49 20 3 19 15 42 14 35 18 17 37 4 11 16 45 29 7 1 43 25 8 6 23 30 47 24 21 2 33 38 27 48 28 10 44 41 39 12 40 13 5 32 46 9 50 34 31 36 22 0 26
49 20 3 19 15 42 14 35 18 17 37 4 11 16 45 29 7 1 43 25 8 6 23 30 47 24 21 2 33 38 27 48 28 10 44 41 39 12 40 13 5 32 46 9 50 34 31 36 22 0 26
49 20 3 19 15 42 14 35 18 17 37 4 11 16 45 29 7 1 43 25 8 6 23 30 47 24 21 2 33 38 27 48 28 10 44 41 39 12 40 13 5 32 46 9 50 34 31 36 22 0 26
49 20 3 19 15 42 14 35 18 17 37 4 11 16 45 29 7 1 43 25 8 6 23 30 47 24 21 2 33 38 27 48 28 10 44 41 39 12 40 13 5 32 46 9 50 34 31 36 22 0 26
49 20 3 19 15 42 14 35 18 17 37 4 11 16 45 29 7 1 43 25 8 6 23 30 47 24 21 2 33 38 27 48 28 10 44 41 39 12 40 13 5 32 46 9 50 34 31 36 22 0 26
***********************************************
8
average ea3:
3 29 28 32 23 49 8 26 38 0 43 30 9 21 5 47 25 37 22 31 2 46 15 10 41 39 13 18 4 40 33 17 42 50 20 11 24 44 16 7 34 45 35 19 12 36 14 1 6 27 48
3 29 28 32 23 49 8 26 38 0 43 30 9 21 5 47 25 37 22 31 2 46 15 10 41 39 13 18 4 40 33 17 42 50 20 11 24 44 16 7 34 45 35 19 12 36 14 1 6 27 48
3 29 28 32 23 49 8 26 38 0 43 30 9 21 5 47 25 37 22 31 2 46 15 10 41 39 13 18 4 40 33 17 42 50 20 11 24 44 16 7 34 45 35 19 12 36 14 1 6 27 48
3 29 28 32 23 49 8 26 38 0 43 30 9 21 5 47 25 37 22 31 2 46 15 10 41 39 13 18 4 40 33 17 42 50 20 11 24 44 16 7 34 45 35 19 12 36 14 1 6 27 48
3 29 28 32 23 49 8 26 38 0 43 30 9 21 5 47 25 37 22 31 2 46 15 10 41 39 13 18 4 40 33 17 42 50 20 11 24 44 16 7 34 45 35 19 12 36 14 1 6 27 48
3 29 28 32 23 49 8 26 38 0 43 30 9 21 5 47 25 37 22 31 2 46 15 10 41 39 13 18 4 40 33 17 42 50 20 11 24 44 16 7 34 45 35 19 12 36 14 1 6 27 48
3 29 28 32 23 49 8 26 38 0 43 30 9 21 5 47 25 37 22 31 2 46 15 10 41 39 13 18 4 40 33 17 42 50 20 11 24 44 16 7 34 45 35 19 12 36 14 1 6 27 48
3 29 28 32 23 49 8 26 38 0 43 30 9 21 5 47 25 37 22 31 2 46 15 10 41 39 13 18 4 40 33 17 42 50 20 11 24 44 16 7 34 45 35 19 12 36 14 1 6 27 48
3 29 28 32 23 49 8 26 38 0 43 30 9 21 5 47 25 37 22 31 2 46 15 10 41 39 13 18 4 40 33 17 42 50 20 11 24 44 16 7 34 45 35 19 12 36 14 1 6 27 48
3 29 28 32 23 49 8 26 38 0 43 30 9 21 5 47 25 37 22 31 2 46 15 10 41 39 13 18 4 40 33 17 42 50 20 11 24 44 16 7 34 45 35 19 12 36 14 1 6 27 48
3 29 28 32 23 49 8 26 38 0 43 30 9 21 5 47 25 37 22 31 2 46 15 10 41 39 13 18 4 40 33 17 42 50 20 11 24 44 16 7 34 45 35 19 12 36 14 1 6 27 48
3 29 28 32 23 49 8 26 38 0 43 30 9 21 5 47 25 37 22 31 2 46 15 10 41 39 13 18 4 40 33 17 42 50 20 11 24 44 16 7 34 45 35 19 12 36 14 1 6 27 48
3 29 28 32 23 49 8 26 38 0 43 30 9 21 5 47 25 37 22 31 2 46 15 10 41 39 13 18 4 40 33 17 42 50 20 11 24 44 16 7 34 45 35 19 12 36 14 1 6 27 48
3 29 28 32 23 49 8 26 38 0 43 30 9 21 5 47 25 37 22 31 2 46 15 10 41 39 13 18 4 40 33 17 42 50 20 11 24 44 16 7 34 45 35 19 12 36 14 1 6 27 48
15 8 31 23 7 2 29 19 34 32 37 46 25 6 11 18 20 30 45 49 17 33 39 13 26 24 0 44 21 12 10 16 47 43 22 9 28 5 27 48 36 1 50 41 4 14 38 42 40 35 3
24 33 5 46 31 11 30 39 10 47 8 21 9 0 15 26 22 6 18 48 43 25 2 29 37 23 16 19 41 28 17 20 50 13 1 49 36 34 45 3 32 27 7 12 42 40 35 4 14 38 44
***********************************************
9
average ea3:
31 8 26 48 22 28 19 7 1 11 47 13 15 3 32 45 25 17 16 42 44 5 49 20 50 10 39 43 23 46 27 33 35 36 24 12 2 29 6 14 38 9 40 41 37 4 0 21 18 34 30
31 8 26 48 22 28 19 7 1 11 47 13 15 3 32 45 25 17 16 42 44 5 49 20 50 10 39 43 23 46 27 33 35 36 24 12 2 29 6 14 38 9 40 41 37 4 0 21 18 34 30
31 8 26 48 22 28 19 7 1 11 47 13 15 3 32 45 25 17 16 42 44 5 49 20 50 10 39 43 23 46 27 33 35 36 24 12 2 29 6 14 38 9 40 41 37 4 0 21 18 34 30
31 8 26 48 22 28 19 7 1 11 47 13 15 3 32 45 25 17 16 42 44 5 49 20 50 10 39 43 23 46 27 33 35 36 24 12 2 29 6 14 38 9 40 41 37 4 0 21 18 34 30
31 8 26 48 22 28 19 7 1 11 47 13 15 3 32 45 25 17 16 42 44 5 49 20 50 10 39 43 23 46 27 33 35 36 24 12 2 29 6 14 38 9 40 41 37 4 0 21 18 34 30
31 8 26 48 22 28 19 7 1 11 47 13 15 3 32 45 25 17 16 42 44 5 49 20 50 10 39 43 23 46 27 33 35 36 24 12 2 29 6 14 38 9 40 41 37 4 0 21 18 34 30
31 8 26 48 22 28 19 7 1 11 47 13 15 3 32 45 25 17 16 42 44 5 49 20 50 10 39 43 23 46 27 33 35 36 24 12 2 29 6 14 38 9 40 41 37 4 0 21 18 34 30
31 8 26 48 22 28 19 7 1 11 47 13 15 3 32 45 25 17 16 42 44 5 49 20 50 10 39 43 23 46 27 33 35 36 24 12 2 29 6 14 38 9 40 41 37 4 0 21 18 34 30
31 8 26 48 22 28 19 7 1 11 47 13 15 3 32 45 25 17 16 42 44 5 49 20 50 10 39 43 23 46 27 33 35 36 24 12 2 29 6 14 38 9 40 41 37 4 0 21 18 34 30
31 8 26 48 22 28 19 7 1 11 47 13 15 3 32 45 25 17 16 42 44 5 49 20 50 10 39 43 23 46 27 33 35 36 24 12 2 29 6 14 38 9 40 41 37 4 0 21 18 34 30
31 8 26 48 22 28 19 7 1 11 47 13 15 3 32 45 25 17 16 42 44 5 49 20 50 10 39 43 23 46 27 33 35 36 24 12 2 29 6 14 38 9 40 41 37 4 0 21 18 34 30
31 8 26 48 22 28 19 7 1 11 47 13 15 3 32 45 25 17 16 42 44 5 49 20 50 10 39 43 23 46 27 33 35 36 24 12 2 29 6 14 38 9 40 41 37 4 0 21 18 34 30
31 8 26 48 22 28 19 7 1 11 47 13 15 3 32 45 25 17 16 42 44 5 49 20 50 10 39 43 23 46 27 33 35 36 24 12 2 29 6 14 38 9 40 41 37 4 0 21 18 34 30
31 8 26 48 22 28 19 7 1 11 47 13 15 3 32 45 25 17 16 42 44 5 49 20 50 10 39 43 23 46 27 33 35 36 24 12 2 29 6 14 38 9 40 41 37 4 0 21 18 34 30
31 8 26 48 22 28 19 7 1 11 47 13 15 3 32 45 25 17 16 42 44 5 49 20 50 10 39 43 23 46 27 33 35 36 24 12 2 29 6 14 38 9 40 41 37 4 0 21 18 34 30
31 8 26 48 22 28 19 7 1 11 47 13 15 3 32 45 25 17 16 42 44 5 49 20 50 10 39 43 23 46 27 33 35 36 24 12 2 29 6 14 38 9 40 41 37 4 0 21 18 34 30
***********************************************
10
average ea3:
10 11 2 22 15 13 1 23 36 31 38 43 30 45 37 32 48 14 16 7 3 44 6 5 35 34 12 20 50 19 39 41 49 47 42 33 9 17 28 8 29 40 18 4 21 0 24 46 25 26 27
10 11 2 22 15 13 1 23 36 31 38 43 30 45 37 32 48 14 16 7 3 44 6 5 35 34 12 20 50 19 39 41 49 47 42 33 9 17 28 8 29 40 18 4 21 0 24 46 25 26 27
10 11 2 22 15 13 1 23 36 31 38 43 30 45 37 32 48 14 16 7 3 44 6 5 35 34 12 20 50 19 39 41 49 47 42 33 9 17 28 8 29 40 18 4 21 0 24 46 25 26 27
10 11 2 22 15 13 1 23 36 31 38 43 30 45 37 32 48 14 16 7 3 44 6 5 35 34 12 20 50 19 39 41 49 47 42 33 9 17 28 8 29 40 18 4 21 0 24 46 25 26 27
10 11 2 22 15 13 1 23 36 31 38 43 30 45 37 32 48 14 16 7 3 44 6 5 35 34 12 20 50 19 39 41 49 47 42 33 9 17 28 8 29 40 18 4 21 0 24 46 25 26 27
10 11 2 22 15 13 1 23 36 31 38 43 30 45 37 32 48 14 16 7 3 44 6 5 35 34 12 20 50 19 39 41 49 47 42 33 9 17 28 8 29 40 18 4 21 0 24 46 25 26 27
10 11 2 22 15 13 1 23 36 31 38 43 30 45 37 32 48 14 16 7 3 44 6 5 35 34 12 20 50 19 39 41 49 47 42 33 9 17 28 8 29 40 18 4 21 0 24 46 25 26 27
10 11 2 22 15 13 1 23 36 31 38 43 30 45 37 32 48 14 16 7 3 44 6 5 35 34 12 20 50 19 39 41 49 47 42 33 9 17 28 8 29 40 18 4 21 0 24 46 25 26 27
10 11 2 22 15 13 1 23 36 31 38 43 30 45 37 32 48 14 16 7 3 44 6 5 35 34 12 20 50 19 39 41 49 47 42 33 9 17 28 8 29 40 18 4 21 0 24 46 25 26 27
10 11 2 22 15 13 1 23 36 31 38 43 30 45 37 32 48 14 16 7 3 44 6 5 35 34 12 20 50 19 39 41 49 47 42 33 9 17 28 8 29 40 18 4 21 0 24 46 25 26 27
10 11 2 22 15 13 1 23 36 31 38 43 30 45 37 32 48 14 16 7 3 44 6 5 35 34 12 20 50 19 39 41 49 47 42 33 9 17 28 8 29 40 18 4 21 0 24 46 25 26 27
4 21 16 22 41 24 40 17 7 37 1 19 46 48 14 30 0 9 15 28 49 13 42 25 23 31 43 35 29 47 18 45 10 50 32 8 6 2 44 36 20 27 26 11 5 12 39 34 33 38 3
4 21 16 22 41 24 40 17 7 37 1 19 46 48 14 30 0 9 15 28 49 13 42 25 23 31 43 35 29 47 18 45 10 50 32 8 6 2 44 36 20 27 26 11 5 12 39 34 33 38 3
4 21 16 22 41 24 40 17 7 37 1 19 46 48 14 30 0 9 15 28 49 13 42 25 23 31 43 35 29 47 18 45 10 50 32 8 6 2 44 36 20 27 26 11 5 12 39 34 33 38 3
4 21 16 22 41 24 40 17 7 37 1 19 46 48 14 30 0 9 15 28 49 13 42 25 23 31 43 35 29 47 18 45 10 50 32 8 6 2 44 36 20 27 26 11 5 12 39 34 33 38 3
4 21 16 22 41 24 40 17 7 37 1 19 46 48 14 30 0 9 15 28 49 13 42 25 23 31 43 35 29 47 18 45 10 50 32 8 6 2 44 36 20 27 26 11 5 12 39 34 33 38 3
***********************************************
11
average ea3:
42 7 9 49 34 8 6 15 28 31 47 23 16 11 18 40 1 26 48 50 10 45 19 12 14 27 25 32 22 36 30 20 4 39 44 13 46 41 5 0 35 43 3 2 38 21 33 29 37 17 24
42 7 9 49 34 8 6 15 28 31 47 23 16 11 18 40 1 26 48 50 10 45 19 12 14 27 25 32 22 36 30 20 4 39 44 13 46 41 5 0 35 43 3 2 38 21 33 29 37 17 24
42 7 9 49 34 8 6 15 28 31 47 23 16 11 18 40 1 26 48 50 10 45 19 12 14 27 25 32 22 36 30 20 4 39 44 13 46 41 5 0 35 43 3 2 38 21 33 29 37 17 24
42 7 9 49 34 8 6 15 28 31 47 23 16 11 18 40 1 26 48 50 10 45 19 12 14 27 25 32 22 36 30 20 4 39 44 13 46 41 5 0 35 43 3 2 38 21 33 29 37 17 24
42 7 9 49 34 8 6 15 28 31 47 23 16 11 18 40 1 26 48 50 10 45 19 12 14 27 25 32 22 36 30 20 4 39 44 13 46 41 5 0 35 43 3 2 38 21 33 29 37 17 24
42 7 9 49 34 8 6 15 28 31 47 23 16 11 18 40 1 26 48 50 10 45 19 12 14 27 25 32 22 36 30 20 4 39 44 13 46 41 5 0 35 43 3 2 38 21 33 29 37 17 24
42 7 9 49 34 8 6 15 28 31 47 23 16 11 18 40 1 26 48 50 10 45 19 12 14 27 25 32 22 36 30 20 4 39 44 13 46 41 5 0 35 43 3 2 38 21 33 29 37 17 24
42 7 9 49 34 8 6 15 28 31 47 23 16 11 18 40 1 26 48 50 10 45 19 12 14 27 25 32 22 36 30 20 4 39 44 13 46 41 5 0 35 43 3 2 38 21 33 29 37 17 24
42 7 9 49 34 8 6 15 28 31 47 23 16 11 18 40 1 26 48 50 10 45 19 12 14 27 25 32 22 36 30 20 4 39 44 13 46 41 5 0 35 43 3 2 38 21 33 29 37 17 24
42 7 9 49 34 8 6 15 28 31 47 23 16 11 18 40 1 26 48 50 10 45 19 12 14 27 25 32 22 36 30 20 4 39 44 13 46 41 5 0 35 43 3 2 38 21 33 29 37 17 24
42 7 9 49 34 8 6 15 28 31 47 23 16 11 18 40 1 26 48 50 10 45 19 12 14 27 25 32 22 36 30 20 4 39 44 13 46 41 5 0 35 43 3 2 38 21 33 29 37 17 24
42 7 9 49 34 8 6 15 28 31 47 23 16 11 18 40 1 26 48 50 10 45 19 12 14 27 25 32 22 36 30 20 4 39 44 13 46 41 5 0 35 43 3 2 38 21 33 29 37 17 24
42 7 9 49 34 8 6 15 28 31 47 23 16 11 18 40 1 26 48 50 10 45 19 12 14 27 25 32 22 36 30 20 4 39 44 13 46 41 5 0 35 43 3 2 38 21 33 29 37 17 24
42 7 9 49 34 8 6 15 28 31 47 23 16 11 18 40 1 26 48 50 10 45 19 12 14 27 25 32 22 36 30 20 4 39 44 13 46 41 5 0 35 43 3 2 38 21 33 29 37 17 24
42 7 9 49 34 8 6 15 28 31 47 23 16 11 18 40 1 26 48 50 10 45 19 12 14 27 25 32 22 36 30 20 4 39 44 13 46 41 5 0 35 43 3 2 38 21 33 29 37 17 24
42 7 9 49 34 8 6 15 28 31 47 23 16 11 18 40 1 26 48 50 10 45 19 12 14 27 25 32 22 36 30 20 4 39 44 13 46 41 5 0 35 43 3 2 38 21 33 29 37 17 24
***********************************************
12
average ea3:
3 29 10 39 47 0 11 23 42 27 49 19 24 18 21 7 32 13 33 9 40 34 12 4 25 44 28 38 50 43 20 30 36 45 15 37 1 2 22 17 16 48 35 8 46 31 14 5 41 6 26
3 29 10 39 47 0 11 23 42 27 49 19 24 18 21 7 32 13 33 9 40 34 12 4 25 44 28 38 50 43 20 30 36 45 15 37 1 2 22 17 16 48 35 8 46 31 14 5 41 6 26
3 29 10 39 47 0 11 23 42 27 49 19 24 18 21 7 32 13 33 9 40 34 12 4 25 44 28 38 50 43 20 30 36 45 15 37 1 2 22 17 16 48 35 8 46 31 14 5 41 6 26
3 29 10 39 47 0 11 23 42 27 49 19 24 18 21 7 32 13 33 9 40 34 12 4 25 44 28 38 50 43 20 30 36 45 15 37 1 2 22 17 16 48 35 8 46 31 14 5 41 6 26
3 29 10 39 47 0 11 23 42 27 49 19 24 18 21 7 32 13 33 9 40 34 12 4 25 44 28 38 50 43 20 30 36 45 15 37 1 2 22 17 16 48 35 8 46 31 14 5 41 6 26
47 29 26 14 12 11 5 45 3 35 41 44 37 4 13 23 1 36 19 33 49 34 32 38 24 25 28 40 15 42 18 27 50 43 9 30 20 2 22 17 48 7 6 39 46 16 8 0 31 10 21
47 29 26 14 12 11 5 45 3 35 41 44 37 4 13 23 1 36 19 33 49 34 32 38 24 25 28 40 15 42 18 27 50 43 9 30 20 2 22 17 48 7 6 39 46 16 8 0 31 10 21
47 29 26 14 12 11 5 45 3 35 41 44 37 4 13 23 1 36 19 33 49 34 32 38 24 25 28 40 15 42 18 27 50 43 9 30 20 2 22 17 48 7 6 39 46 16 8 0 31 10 21
47 29 26 14 12 11 5 45 3 35 41 44 37 4 13 23 1 36 19 33 49 34 32 38 24 25 28 40 15 42 18 27 50 43 9 30 20 2 22 17 48 7 6 39 46 16 8 0 31 10 21
47 29 26 14 12 11 5 45 3 35 41 44 37 4 13 23 1 36 19 33 49 34 32 38 24 25 28 40 15 42 18 27 50 43 9 30 20 2 22 17 48 7 6 39 46 16 8 0 31 10 21
47 29 26 14 12 11 5 45 3 35 41 44 37 4 13 23 1 36 19 33 49 34 32 38 24 25 28 40 15 42 18 27 50 43 9 30 20 2 22 17 48 7 6 39 46 16 8 0 31 10 21
47 29 26 14 12 11 5 45 3 35 41 44 37 4 13 23 1 36 19 33 49 34 32 38 24 25 28 40 15 42 18 27 50 43 9 30 20 2 22 17 48 7 6 39 46 16 8 0 31 10 21
47 29 26 14 12 11 5 45 3 35 41 44 37 4 13 23 1 36 19 33 49 34 32 38 24 25 28 40 15 42 18 27 50 43 9 30 20 2 22 17 48 7 6 39 46 16 8 0 31 10 21
47 29 26 14 12 11 5 45 3 35 41 44 37 4 13 23 1 36 19 33 49 34 32 38 24 25 28 40 15 42 18 27 50 43 9 30 20 2 22 17 48 7 6 39 46 16 8 0 31 10 21
47 29 26 14 12 11 5 45 3 35 41 44 37 4 13 23 1 36 19 33 49 34 32 38 24 25 28 40 15 42 18 27 50 43 9 30 20 2 22 17 48 7 6 39 46 16 8 0 31 10 21
47 29 26 14 12 11 5 45 3 35 41 44 37 4 13 23 1 36 19 33 49 34 32 38 24 25 28 40 15 42 18 27 50 43 9 30 20 2 22 17 48 7 6 39 46 16 8 0 31 10 21
***********************************************
13
average ea3:
8 39 5 45 2 28 31 22 24 47 17 29 34 10 38 43 48 30 33 44 40 13 46 41 42 0 35 23 21 9 14 49 4 50 3 26 25 32 7 11 18 27 37 19 6 12 16 36 1 15 20
8 39 5 45 2 28 31 22 24 47 17 29 34 10 38 43 48 30 33 44 40 13 46 41 42 0 35 23 21 9 14 49 4 50 3 26 25 32 7 11 18 27 37 19 6 12 16 36 1 15 20
8 39 5 45 2 28 31 22 24 47 17 29 34 10 38 43 48 30 33 44 40 13 46 41 42 0 35 23 21 9 14 49 4 50 3 26 25 32 7 11 18 27 37 19 6 12 16 36 1 15 20
8 39 5 45 2 28 31 22 24 47 17 29 34 10 38 43 48 30 33 44 40 13 46 41 42 0 35 23 21 9 14 49 4 50 3 26 25 32 7 11 18 27 37 19 6 12 16 36 1 15 20
8 39 5 45 2 28 31 22 24 47 17 29 34 10 38 43 48 30 33 44 40 13 46 41 42 0 35 23 21 9 14 49 4 50 3 26 25 32 7 11 18 27 37 19 6 12 16 36 1 15 20
8 39 5 45 2 28 31 22 24 47 17 29 34 10 38 43 48 30 33 44 40 13 46 41 42 0 35 23 21 9 14 49 4 50 3 26 25 32 7 11 18 27 37 19 6 12 16 36 1 15 20
8 39 5 45 2 28 31 22 24 47 17 29 34 10 38 43 48 30 33 44 40 13 46 41 42 0 35 23 21 9 14 49 4 50 3 26 25 32 7 11 18 27 37 19 6 12 16 36 1 15 20
8 39 5 45 2 28 31 22 24 47 17 29 34 10 38 43 48 30 33 44 40 13 46 41 42 0 35 23 21 9 14 49 4 50 3 26 25 32 7 11 18 27 37 19 6 12 16 36 1 15 20
8 39 5 45 2 28 31 22 24 47 17 29 34 10 38 43 48 30 33 44 40 13 46 41 42 0 35 23 21 9 14 49 4 50 3 26 25 32 7 11 18 27 37 19 6 12 16 36 1 15 20
8 39 5 45 2 28 31 22 24 47 17 29 34 10 38 43 48 30 33 44 40 13 46 41 42 0 35 23 21 9 14 49 4 50 3 26 25 32 7 11 18 27 37 19 6 12 16 36 1 15 20
8 39 5 45 2 28 31 22 24 47 17 29 34 10 38 43 48 30 33 44 40 13 46 41 42 0 35 23 21 9 14 49 4 50 3 26 25 32 7 11 18 27 37 19 6 12 16 36 1 15 20
8 39 5 45 2 28 31 22 24 47 17 29 34 10 38 43 48 30 33 44 40 13 46 41 42 0 35 23 21 9 14 49 4 50 3 26 25 32 7 11 18 27 37 19 6 12 16 36 1 15 20
8 39 5 45 2 28 31 22 24 47 17 29 34 10 38 43 48 30 33 44 40 13 46 41 42 0 35 23 21 9 14 49 4 50 3 26 25 32 7 11 18 27 37 19 6 12 16 36 1 15 20
8 39 5 45 2 28 31 22 24 47 17 29 34 10 38 43 48 30 33 44 40 13 46 41 42 0 35 23 21 9 14 49 4 50 3 26 25 32 7 11 18 27 37 19 6 12 16 36 1 15 20
8 39 5 45 2 28 31 22 24 47 17 29 34 10 38 43 48 30 33 44 40 13 46 41 42 0 35 23 21 9 14 49 4 50 3 26 25 32 7 11 18 27 37 19 6 12 16 36 1 15 20
8 39 5 45 2 28 31 22 24 47 17 29 34 10 38 43 48 30 33 44 40 13 46 41 42 0 35 23 21 9 14 49 4 50 3 26 25 32 7 11 18 27 37 19 6 12 16 36 1 15 20
***********************************************
14
average ea3:
14 4 17 37 36 27 31 8 26 19 12 28 35 25 41 22 20 42 29 21 38 2 9 33 5 0 47 49 23 16 11 44 40 43 6 24 39 15 45 3 7 46 32 30 34 48 18 13 50 10 1
14 4 17 37 36 27 31 8 26 19 12 28 35 25 41 22 20 42 29 21 38 2 9 33 5 0 47 49 23 16 11 44 40 43 6 24 39 15 45 3 7 46 32 30 34 48 18 13 50 10 1
14 4 17 37 36 27 31 8 26 19 12 28 35 25 41 22 20 42 29 21 38 2 9 33 5 0 47 49 23 16 11 44 40 43 6 24 39 15 45 3 7 46 32 30 34 48 18 13 50 10 1
14 4 17 37 36 27 31 8 26 19 12 28 35 25 41 22 20 42 29 21 38 2 9 33 5 0 47 49 23 16 11 44 40 43 6 24 39 15 45 3 7 46 32 30 34 48 18 13 50 10 1
14 4 17 37 36 27 31 8 26 19 12 28 35 25 41 22 20 42 29 21 38 2 9 33 5 0 47 49 23 16 11 44 40 43 6 24 39 15 45 3 7 46 32 30 34 48 18 13 50 10 1
14 4 17 37 36 27 31 8 26 19 12 28 35 25 41 22 20 42 29 21 38 2 9 33 5 0 47 49 23 16 11 44 40 43 6 24 39 15 45 3 7 46 32 30 34 48 18 13 50 10 1
14 4 17 37 36 27 31 8 26 19 12 28 35 25 41 22 20 42 29 21 38 2 9 33 5 0 47 49 23 16 11 44 40 43 6 24 39 15 45 3 7 46 32 30 34 48 18 13 50 10 1
14 4 17 37 36 27 31 8 26 19 12 28 35 25 41 22 20 42 29 21 38 2 9 33 5 0 47 49 23 16 11 44 40 43 6 24 39 15 45 3 7 46 32 30 34 48 18 13 50 10 1
14 4 17 37 36 27 31 8 26 19 12 28 35 25 41 22 20 42 29 21 38 2 9 33 5 0 47 49 23 16 11 44 40 43 6 24 39 15 45 3 7 46 32 30 34 48 18 13 50 10 1
14 4 17 37 36 27 31 8 26 19 12 28 35 25 41 22 20 42 29 21 38 2 9 33 5 0 47 49 23 16 11 44 40 43 6 24 39 15 45 3 7 46 32 30 34 48 18 13 50 10 1
14 4 17 37 36 27 31 8 26 19 12 28 35 25 41 22 20 42 29 21 38 2 9 33 5 0 47 49 23 16 11 44 40 43 6 24 39 15 45 3 7 46 32 30 34 48 18 13 50 10 1
14 4 17 37 36 27 31 8 26 19 12 28 35 25 41 22 20 42 29 21 38 2 9 33 5 0 47 49 23 16 11 44 40 43 6 24 39 15 45 3 7 46 32 30 34 48 18 13 50 10 1
14 4 17 37 36 27 31 8 26 19 12 28 35 25 41 22 20 42 29 21 38 2 9 33 5 0 47 49 23 16 11 44 40 43 6 24 39 15 45 3 7 46 32 30 34 48 18 13 50 10 1
14 4 17 37 36 27 31 8 26 19 12 28 35 25 41 22 20 42 29 21 38 2 9 33 5 0 47 49 23 16 11 44 40 43 6 24 39 15 45 3 7 46 32 30 34 48 18 13 50 10 1
14 4 17 37 36 27 31 8 26 19 12 28 35 25 41 22 20 42 29 21 38 2 9 33 5 0 47 49 23 16 11 44 40 43 6 24 39 15 45 3 7 46 32 30 34 48 18 13 50 10 1
14 4 17 37 36 27 31 8 26 19 12 28 35 25 41 22 20 42 29 21 38 2 9 33 5 0 47 49 23 16 11 44 40 43 6 24 39 15 45 3 7 46 32 30 34 48 18 13 50 10 1
***********************************************